%YAML:1.0
---
GLFrame: !!opencv-matrix
   rows: 3
   cols: 3
   dt: f
   data: [ 2.81882453e+00, -1.36869776e+00, 1.88710499e+01,
       -3.89755189e-01, 3.25309128e-01, -8.61544192e-01, -5.49914002e-01,
       6.68209910e-01, 5.01084864e-01 ]
