%YAML:1.0
---
GLFrame: !!opencv-matrix
   rows: 3
   cols: 3
   dt: f
   data: [ -6.05927801e+00, -1.30303535e+01, 1.86439285e+01,
       -9.10159200e-02, 3.11743289e-01, -9.45794344e-01, -7.44775772e-01,
       -6.51776612e-01, -1.43160895e-01 ]
