%YAML:1.0
---
GLFrame: !!opencv-matrix
   rows: 3
   cols: 3
   dt: f
   data: [ -4.24942732e+00, 2.38494420e+00, 1.17339392e+01,
       5.26610315e-01, -4.85695601e-01, -6.97685719e-01, 3.86016637e-01,
       -5.94587982e-01, 7.05280066e-01 ]
