%YAML:1.0
---
GLFrame: !!opencv-matrix
   rows: 3
   cols: 3
   dt: f
   data: [ -5.91607153e-01, -9.48985004e+00, 1.44201050e+01,
       2.52108067e-01, 6.34830356e-01, -7.30358720e-01, 4.25920844e-01,
       6.04904652e-01, 6.72802687e-01 ]
