%YAML:1.0
Parameters:
   EarthModulePath: './data/bowl_bm2.stl'                    
   EarthPixelPath:  './pixelCoord_00.ini'
   OutPutDir:       './data/output_13x9_forward/'
   OutPutDisplay:   0 
   EarthModuleXLen: 26000
   EarthModuleYLen: 26000                                       
   EarthModuleZLen: 0  
   #chess params
   PicturePath:     './data/00.bmp'     
   chess_grid_size: 200                                          
   chess_w:         13                                         
   chess_h:         9                                      
   chess_x:         1100                                      
   chess_y:         7350                                         
   chess_z:         0                                           
   
   #camera params
   cam_pos:         0                                           #top 0, left 2, right 3, bottom 1
   cam_type:        1                                           #fisheye 0, normal 1
   cam_fx:          361.613922711841
   cam_fy:          393.592867661851
   cam_ox:          382.160929935165
   cam_oy:          294.236535419094
   cam_skew:        0
   cam_k1:          0.053848089048
   cam_k2:          0.010845428357
   cam_k3:          0.011130363750
   cam_k4:          0.534376436701
   cam_k5:          -0.065321247813
   cam_k6:          0.039246113011
   cam_p1:          -0.000094601898
   cam_p2:          0.000095169481
