%YAML:1.0
Parameters:
   EarthModulePath: './data/bowl_bm2.stl'                    
   EarthPixelPath:  './pixelCoord_03.ini'
   OutPutDir:       './data/output_13x9_back/'
   OutPutDisplay:   0  
   EarthModuleXLen: 26000
   EarthModuleYLen: 26000   
   EarthModuleZLen: 0  
   #chess params
   PicturePath:     './data/03.bmp'     
   chess_grid_size: 200                                          
   chess_w:         13                                         
   chess_h:         9                                       
   chess_x:         -1100                                      
   chess_y:         -7350                                         
   chess_z:         0                                           
   
   #camera params
   cam_pos:         1                                           #top 0, left 2, right 3, bottom 1
   cam_type:        1                                           #fisheye 0, normal 1
   cam_fx:          362.283671491812
   cam_fy:          394.339136867195
   cam_ox:          357.402260450163
   cam_oy:          260.153487044260
   cam_skew:        0
   cam_k1:          -0.196379864924
   cam_k2:          0.044792223072
   cam_k3:          0.026929407830
   cam_k4:          0.283173572805
   cam_k5:          -0.150709553644
   cam_k6:          0.093795004031
   cam_p1:          -0.000168703420
   cam_p2:          -0.000070495493
