%YAML:1.0
Parameters:
   EarthModulePath: './data/bowl_bm2.stl'
   EarthPixelPath:  './pixelCoord_04.ini'
   OutPutDir:       './data/output_13x9_leftback/'
   OutPutDisplay:   0
   EarthModuleXLen: 26000
   EarthModuleYLen: 26000               
   EarthModuleZLen: 0  
   
   #chess params
   PicturePath:     './data/04.bmp'
   chess_grid_size: 200           #mm
   chess_w:         13             #chess width at grid
   chess_h:         9             #chess height at grid
   chess_x:         -3800         #chess grid width offset
   chess_y:         -850          #chess grid height offset
   chess_z:         0
   
   #camera params
   cam_pos:         2             #top 0, bottom 1, left 2, right 3 
   cam_type:        1             #fisheye 0, normal 1
   cam_fx:          363.071698990150
   cam_fy:          395.140805815238
   cam_ox:          378.253834066507
   cam_oy:          292.716053709147
   cam_skew:        0
   cam_k1:          -0.323576513433
   cam_k2:          1.552111982344
   cam_k3:          0.402885069896
   cam_k4:          0.176510852650
   cam_k5:          1.243486603762
   cam_k6:          1.294155245018
   cam_p1:          -0.000869265910
   cam_p2:          -0.001085616103
