%YAML:1.0
---
GLFrame: !!opencv-matrix
   rows: 3
   cols: 3
   dt: f
   data: [ 3.71108741e-01, -5.09147120e+00, 1.62416687e+01,
       1.72301734e-04, 6.08286798e-01, -7.93715060e-01, 3.96155240e-03,
       7.93707728e-01, 6.08281791e-01 ]
