%YAML:1.0
---
GLFrame: !!opencv-matrix
   rows: 3
   cols: 3
   dt: f
   data: [ 1.17166150e+00, -8.48877621e+00, 3.27164612e+01,
       -3.69194224e-02, 4.76546623e-02, -9.98179197e-01, -1.38253523e-02,
       -9.98792171e-01, -4.71723489e-02 ]
